0         0         
0         475       
25        50        
25        175       
25        250       
25        350       
50        425       
50        475       
75        0         
75        50        
75        175       
75        250       
75        350       
75        425       
75        475       
100       150       
100       175       
100       325       
125       150       
125       175       
150       100       
150       150       
175       100       
175       325       
175       500       
200       0         
200       100       
200       450       
200       500       
225       225       
225       325       
250       50        
250       100       
250       225       
275       325       
275       425       
300       425       
325       25        
350       50        
350       275       
350       325       
375       225       
400       275       
400       400       
425       100       
425       175       
450       100       
450       300       
450       375       
450       500       
475       25        
500       0         
500       150       
500       400       
